e22636de493f4bab61f6d1d3aa1ca9a4ec546165c7b31a54235bb83bd0ef29c6;2021;755196.72;63957.7275
68029c24fe42facb13764924eb9eb2788d997ff1c916640d65f94f4536aa2ea4;2022;751487.9625;76483.4175
68029c24fe42facb13764924eb9eb2788d997ff1c916640d65f94f4536aa2ea4;2021;777705.0;146985.4425
82506e17462cb23051987529a7a3a412bba138e63bd31c0634dc047114da8e8b;2022;273411.855;25120.8825
654e16633394f9d98a60151a6221cb49282d5b178a338c816bcf7ce3ed2e645d;2021;753091.305;138180.555
6e54ba0504e870c69594c2889f3f76c6f81520fed24c433ca862455ececa4750;2022;172521.7125;17336.61
6e54ba0504e870c69594c2889f3f76c6f81520fed24c433ca862455ececa4750;2021;163866.41249999998;30370.8525
61c61504181d2e6c8bf66ab9fcb25fdfb140c8d40e5e3f623bc817d4e0fc4b91;2021;3476786.2800000003;350341.68
85e739750a2ded64af5cff240ad9cfed7be57d190027e9b942ed5fb5dc1d4f0a;2022;366462.4875;51748.1025
85e739750a2ded64af5cff240ad9cfed7be57d190027e9b942ed5fb5dc1d4f0a;2021;321975.075;59870.8275
dbc0289b7764004ee9fecfb8101ca963bb227f06b45ee5d493b41da2eab885b4;2021;263957.9175;51697.545
0ce1b3cf2bd00bfd27b25fb6a2d9665a27e6866f3f9c424b85591ef4cc6a6b59;2021;2790603.3825;231767.445
c36ca8cef2aaa896eda0383a1a1af7df8b084b24e56c1e8c5c386d356ff3689d;2022;526629.9825;49955.025
c36ca8cef2aaa896eda0383a1a1af7df8b084b24e56c1e8c5c386d356ff3689d;2021;516855.615;53463.1275
7afa0f8b13d416bad28fbf008ef89ceef78bb68bd19bca7814c400c0d3698848;2022;4560671.085;453895.98
7afa0f8b13d416bad28fbf008ef89ceef78bb68bd19bca7814c400c0d3698848;2021;4742589.0525;478874.0025
2e2eda81b59ddb85ac6689cc7b89415a09201455f1f62afe55fb494b58882232;2021;3202037.8875;338007.3
1623bf6bd74a8eacec21ddcea2e72a267eedea656bdf48fc0cfab80fa38004e4;2022;27365.49;1540.9875
0b4bfb7277f2d169e7c3b6fd22656e818ac6e1c4ccc8d35dff2ede68fe155425;2021;1629978.1275;166392.27
372e531e017d0fbde3baf3e367f1ecb1e63effe9d32a24913fd39ac2fd0adfd7;2022;417117.48;42531.6975
372e531e017d0fbde3baf3e367f1ecb1e63effe9d32a24913fd39ac2fd0adfd7;2021;421199.6925;79746.4125
51d4d1034ab628e0e403aa8c0be09afce03d6d5d65042d2e0aeec6b3e146ddec;2022;158724.0675;16074.9375
51d4d1034ab628e0e403aa8c0be09afce03d6d5d65042d2e0aeec6b3e146ddec;2021;161991.81;16705.95
6f3dbd28708af1ddbfbe650c741aed5b9924a26a492ae1f7a515ff0490f49bf8;2021;722838.2175;77190.51
f9cfe62241b0a57a1a97429fd7b5239a51a504eee98af5cb145aeb6fabe446d9;2022;1388975.955;139361.685
f9cfe62241b0a57a1a97429fd7b5239a51a504eee98af5cb145aeb6fabe446d9;2021;1369130.31;150924.2325
22d9d5cffc8a719720bdb1842a4a625e22539fb14e09b719c49bda55a9c4bbd7;2022;703528.575;70632.66
22d9d5cffc8a719720bdb1842a4a625e22539fb14e09b719c49bda55a9c4bbd7;2021;653584.0275;74960.9925
471e0ed7fedbefe3e45789eaa4d7ca2eef69354dd4077d4718e88606fe589fc3;2021;1118698.3125;93760.7925
d620520646600741aaa64d9367e794899bf87aeb551937a94fbbbe27db1cd449;2021;1050113.1;82001.16
c487b40198cff7144798ee944048134f16709935dea124b2b28ed244cb568bcf;2022;1231408.9425;17163.3525
c487b40198cff7144798ee944048134f16709935dea124b2b28ed244cb568bcf;2021;1137848.52;106833.9
61f35ffc7f1e1fe7ab15b576a008da59bcf82bb0c2940ab9ccf8f5b18d29873d;2022;795977.625;80127.1725
61f35ffc7f1e1fe7ab15b576a008da59bcf82bb0c2940ab9ccf8f5b18d29873d;2021;765943.3125;83272.7625
06f8949a562ed73c3dc89e637148a5c3c5095cb037accaef1364521c962ffedb;2021;324540.27;33943.29
963925eedc550388fd69dbb2e1809113ae9ae3325ea8ddb9c8ef70b9a62267e9;2021;1441755.2925;104280.21
e17db64a4ebb9834378a0152214daaa105908fc48665c06b4e7a846653925a97;2021;7038653.9325;581908.305
a482a0e428652dab263c14aca8dbc95c9a263e1b11b195f90efbc39d92827016;2021;2037210.93;248450.22
94929d1a84462e2ce3c8bf239134562a08f799cb1d54f1d9b22b6f08df98eeb7;2022;2.796722781E7;2520955.5975
94929d1a84462e2ce3c8bf239134562a08f799cb1d54f1d9b22b6f08df98eeb7;2021;3.097579572E7;2617432.4025
3f0efb1fad24f56f3f2b9ef9466a97bcc275937b444d7253690cc98ba0bb7a72;2021;3342832.65;307014.0
ae610f52f0590cbb6677b030fe70405ee7aa96e97d61d79e32122fa90d797ab1;2021;6269455.1925;564657.63
503a048720b15d4775b4c03a71b87624494193657500d478417b4f3058c2005b;2021;412914.0525;43333.4775
c79c53924117ec71ea389ce1de03f00495a5a67d45ed5ac5fc67744827464f1b;2022;534647.2125;50045.7825
c79c53924117ec71ea389ce1de03f00495a5a67d45ed5ac5fc67744827464f1b;2021;527821.2225;96455.4975
f3ccb4c601296c5eb68b82ea48b440ee8dfa35fd6bc169657d4a6a8fba3c3fff;2021;1980673.2375;198869.8725
38792e8e0e74216a6ba4dba81df2b8394aceb63ed7d43d8c17f5388b500d6923;2022;3247685.6025;335186.13
6804ebaffa50ed076556c65f8b1a3184ff16eca1588f6b2428c9242f1f13252a;2021;2136111.1875;223568.7
3d39e570b623e785da6a4c1cbf6afcf8bedb68e4bbf1167b8b5a90a6192c7b57;2022;1759728.645;57446.3625
3d39e570b623e785da6a4c1cbf6afcf8bedb68e4bbf1167b8b5a90a6192c7b57;2021;1764080.9925;62969.43
e08334fc83e0a68caff92b234101093144ea6af3c86edb14e5e0bb74bc2ca194;2022;600697.7775;60982.5675
e08334fc83e0a68caff92b234101093144ea6af3c86edb14e5e0bb74bc2ca194;2021;413610.7275;33469.8375
45ac39e1a39ddd2bed9be802bc751e79d126ca2d5603e4e127853b9935630450;2022;1324694.7825;126719.17500000002
45ac39e1a39ddd2bed9be802bc751e79d126ca2d5603e4e127853b9935630450;2021;1147689.33;136691.04
af9972d08f663015ee7bf3de49d059b620cf934abb9702ea047c6cd6c81a7c34;2022;66799.9125;6534.135
01168cab89ceaf5ecd0e6b9aca711a04e259076b6cf1c3655063166a7f27b6a0;2022;888004.2075;86924.805
01168cab89ceaf5ecd0e6b9aca711a04e259076b6cf1c3655063166a7f27b6a0;2021;833414.2949999999;66379.6575
4329f65347af6d9e9ea48bfa380843a3581ffd9a42c65270101284e8cabb1b15;2022;182772.2925;14502.225
4329f65347af6d9e9ea48bfa380843a3581ffd9a42c65270101284e8cabb1b15;2021;173118.315;19682.8575
cebf4828a0e9fadd6fb829ebc919069a82eb7bb7589c6a0302dd350813d63d39;2021;288995.0925;38314.0425
a6f19f04c004ac29a20c904e1306f5fa7829c683b608c11d749c90ed9f236419;2022;1.0767068182500001E7;1086568.965
a6f19f04c004ac29a20c904e1306f5fa7829c683b608c11d749c90ed9f236419;2021;9801661.005;1144190.1
1ddc9c1f9429172df2e790df8a1060e2134216ec2a48539c00ad5ba7241e13ce;2021;6226253.205;502271.9475
0fa33f5fe1e69dbbf1f5ae7d4271c23d4cebd76b66da282db168cde82a0a68a7;2022;691354.7475;69508.32
0fa33f5fe1e69dbbf1f5ae7d4271c23d4cebd76b66da282db168cde82a0a68a7;2021;741460.665;71479.365
0fa33f5fe1e69dbbf1f5ae7d4271c23d4cebd76b66da282db168cde82a0a68a7;2020;992151.0075;65772.6
1691f36c91ffea1129900da7ea18abbe8b97204f6084723aac3657d9a735d658;2022;46712.655;4699.965
1691f36c91ffea1129900da7ea18abbe8b97204f6084723aac3657d9a735d658;2021;46736.025;8604.825
a2f2a2628fb145a8a6128f57ba023efec5d552f2d1ec7f3ec88d03434411720e;2022;1261071.3825;134564.58
03a56b531eaac4c1676868c4b41fec509a6533e424eeab0da581ec554a1f6c81;2022;1252258.71;121124.0325
03a56b531eaac4c1676868c4b41fec509a6533e424eeab0da581ec554a1f6c81;2021;868624.71;127496.22
568494e204be7c505a1e6d18fc2bd5d498a9ad89ba439cdafda3b3ed391def31;2022;578213.4075;58679.1375
2cad427f444c0a78b7528ce4b19d2785717093455a5f7c06a3bb25335a05133a;2021;8.96281509375E7;8566387.934999999
a3a8e7c4aae18f94595e1063a890f1067373ec9588d892ea1948fb943e1ea041;2022;3531497.2725;375551.085
a3a8e7c4aae18f94595e1063a890f1067373ec9588d892ea1948fb943e1ea041;2021;3854688.06;704208.3225
0ab6396c04f71b461d43bb48b3a7cacffcc09252aacb1bd519cd1f2ba5ba6cbe;2022;7.30461939075E7;9050319.45
0ab6396c04f71b461d43bb48b3a7cacffcc09252aacb1bd519cd1f2ba5ba6cbe;2021;8.7214489995E7;1.109038551E7
6a46153f1a68a656a96d970de7935258802f22f837a767752c22a7d8d023f2d8;2022;106249.5525;10481.0625
6a46153f1a68a656a96d970de7935258802f22f837a767752c22a7d8d023f2d8;2021;84506.025;10266.015
fde1d4640db25c634a26baf70376b7817765e0e53ee972e7d359a23e10ba00f7;2022;243290.6325;21724.7175
fde1d4640db25c634a26baf70376b7817765e0e53ee972e7d359a23e10ba00f7;2021;203407.5225;61772.7225
4aeda8377389acfbc604d5fa78cb4d17dcd5320213a1d60c8b3f51f6673d8505;2022;2909490.93;294328.3125
2c92c75475931af9f18d26afafc7122da433432ffa334531cb88f40f3dd875da;2022;3143212.44;320122.77
2c92c75475931af9f18d26afafc7122da433432ffa334531cb88f40f3dd875da;2021;3181397.6625;567623.625
c9c4364be2a27be717cebf3ade3d3137e9fe978b25fe0d3da5c13f21e365b0a0;2022;1080802.26;108710.0925
c9c4364be2a27be717cebf3ade3d3137e9fe978b25fe0d3da5c13f21e365b0a0;2021;1072504.6125;198889.755
e97c19287cf4f1a566446a72325dc8d51907d537cf1961f3ace747c82da38ade;2022;3450614.85;356270.1225
392ef1fb920cb300db67553e381e82657e6ae401ebeb987f1e19ea1ec1f6afe1;2021;835240.9199999999;153775.5
ed469c39a56f062b09e2d930ca0bd68820bf1348f3a202584f0c241675d7261a;2021;849088.6875;91417.785
d9579a321b110018b499be4f80343a5d34cb8a9e89c0f1b897ca63adeaf7f888;2022;62946.54;6387.7125
4922128e8028734fd986c13f2b7462f7a67d6751adfab811c905821a51b6c59f;2021;2760434.8275;225468.75
2882df514d7d0d4676a9f35d4123716340417a68ddb88c5f3b8ef3a9600b1918;2021;2493608.43;212005.7475
7ae353f62c16f0ef9ad0b65bb6aa031fa27fbbc32d317a4adc137fbc691cf87e;2022;1.342327728E7;1288233.645
7ae353f62c16f0ef9ad0b65bb6aa031fa27fbbc32d317a4adc137fbc691cf87e;2021;1.59645318225E7;2748885.7575
5db1cd43f2bfbb2b48f8e0a19c6a0155ba2ab11d61aee1f8e248224b084bd8a8;2022;211648.3425;21186.045
5db1cd43f2bfbb2b48f8e0a19c6a0155ba2ab11d61aee1f8e248224b084bd8a8;2021;221373.78;40514.4975
1e6c2674c2fd0a385df86d5b8dce5210ef6d81029511e9924d3ce4ba7255f570;2021;1176163.1625;216475.53
eb894c055c058829739241ff1ad141bd9f60c3789c55881fbb6bdf031fbdf3ad;2022;220997.3475;23030.76
b470b5aee95229627587e41113f76eac907c0d9c982027468eeff519880af337;2021;501789.0525;55675.275
adff7f33d1a24b2bf8eb59749dbc1281ab9277476f508a8edfc360599f83b9e5;2022;115106.9775;11522.9475
adff7f33d1a24b2bf8eb59749dbc1281ab9277476f508a8edfc360599f83b9e5;2021;119630.97;11977.23
b6ff24d53c30e7381676dbb2e3d4cbe492739770507128797243995a630fe035;2022;1.024326789E7;812571.2625
b6ff24d53c30e7381676dbb2e3d4cbe492739770507128797243995a630fe035;2021;8459032.965;844718.94
50bdd24c92af81413731444c4985ace3032a2b4b34b389cb4c0d9fbd8deecb84;2022;244105.14;308.8125
50bdd24c92af81413731444c4985ace3032a2b4b34b389cb4c0d9fbd8deecb84;2021;255566.1225;21053.8725
1fe80c8dfe8051d2cbba66946d8d3f38fc70b6c7ac44211363f67f96ee983112;2021;154573.1325;28377.135000000002
a255cabc2e42f0bce1cc1636bcdc938064a4b347194cdbb17004586d1124f3bd;2021;369012.825;76246.48499999999
d0ac63607a1b3610d3b176cc0fcc83bbcf81c5cec38245c6ba78997c66b6754d;2022;1123992.345;110130.75
d0ac63607a1b3610d3b176cc0fcc83bbcf81c5cec38245c6ba78997c66b6754d;2021;1085143.9425000001;94064.4675
4009febb800765b661fef7eee44e0f755062da1b7551bcec91eb4a422517945f;2022;62008.32;6208.0725
4009febb800765b661fef7eee44e0f755062da1b7551bcec91eb4a422517945f;2021;64662.0975;6449.685
da234e28d18b9cff96e5e5330bdde529bcbe2c4a131dc9efbd6d062a9bba5fa7;2021;4352911.4775;342070.065
bef150d5cfef95596f7243d9f1c66a205bf5eeca511461a76b83a2c242069235;2022;1627244.7974999999;163832.52
bef150d5cfef95596f7243d9f1c66a205bf5eeca511461a76b83a2c242069235;2021;1696877.325;142567.9275
a2ff02c6fa90fabd4b6bc0a51fbe50a5c1c1c4c8fc2e694b51a35ddd5d0a43a4;2022;91973.0625;7308.6
a2ff02c6fa90fabd4b6bc0a51fbe50a5c1c1c4c8fc2e694b51a35ddd5d0a43a4;2021;96264.13500000001;10177.1775
cb8798d47958a9b3b559044ea3a321c464895ab9656e802a542bd93eb172c794;2022;53006.175;5311.7925
b4eae7581de491c99ac91098b2a7d1374582feaf84df00667d3e4189de13fa0a;2021;802841.1;145967.5125
7a7fb45a80dfabfca72007b24f85936253cf81458a4b4ba3eb59fd9628fc799a;2021;23677.1925;7917.345
4f3127408ba23b9ad93d27baa364e51c116045a811ac96d75769dcd8f6b8d8c6;2022;3.5001996660000004E7;476571.315
4f3127408ba23b9ad93d27baa364e51c116045a811ac96d75769dcd8f6b8d8c6;2021;3.76448846325E7;3389358.705
b8822095f4bad5fa007c4fec3ebb4cbdac1656ff609401e61c6c8f698cc9708d;2021;89635.77;11421.6825
daf287c1a089a45168d2d09c081c2ec78d27a96828e509ccd61958ea9e4fa876;2021;1231369.26;140143.2075
a98133f5318f13c43c799ed82a6f90db3ec58ae04957165399eb61d2394c6462;2021;1045245.15;105527.3175
b18b13e5bb1b1656d2dc6766e07ce8d76bc12c17a50f3159f2397d3f4ae04de5;2022;5551405.4775;568822.23
9f92166005c86077f9cb6c11e7027631f5b2fd35235724a19346554a19298155;2021;1462919.31;184810.6125
ac78268421dc32d7cee87d44cd9da7dc1c578b76fe86f8af62da700c6bd60603;2022;1468380.72;147067.7625
ac78268421dc32d7cee87d44cd9da7dc1c578b76fe86f8af62da700c6bd60603;2021;1502408.7975;132256.77
2c84739a7a4fd0e758c8791745241b4106858e96ff4e14617373ee0b27f43e0d;2021;458812.53;44867.3325
88d31b93730ed52eb740e5007487a2e9ca48f071d0071eaefaf42e123cb932db;2022;1941340.2225;191091.3075
bea410d04f41874bdd9a20431b1ac7f0596f1521ea27ae828f75fe13d157b417;2022;1657609.2675;164853.2325
6e5083d53bf280287e75d646967cfea7a73e04c7a3b349b14ab82af84adc14a0;2022;558354.03;56024.7675
6e5083d53bf280287e75d646967cfea7a73e04c7a3b349b14ab82af84adc14a0;2021;517033.395;58213.6875
49f572f108a923aa49fa5dd4d69bbb55a393f5299b7292c47be56b9d64206660;2021;688122.0075;57720.99
689c4ed068fcc90bfaca0797b92d5e6acaa9c6861f721debe5531fc224b5d974;2022;726603.6675;73488.3975
689c4ed068fcc90bfaca0797b92d5e6acaa9c6861f721debe5531fc224b5d974;2021;756166.0425;62686.77
5df97ac7ee51d36d3e66f389976e3b1da0118406d43dca53880b47986b356162;2021;403346.37;39303.24
3a80a0add00aa05156487dc5bceb0f1647bb80425a4f03bf77193f110a98766f;2022;655575.4575;66215.9025
3a80a0add00aa05156487dc5bceb0f1647bb80425a4f03bf77193f110a98766f;2021;624945.27;69729.48000000001
a7bde2da1d51644fbc982d6f668b7fdd9f316f2b2ac3492a9a0c2e93d73b147f;2021;2309953.3875;193192.8075
7b7ac860e214a4635068ef1295f6527abf15adbd9e1dcfd607e3b2c5b9d10d09;2022;478321.16250000003;46794.3975
7b7ac860e214a4635068ef1295f6527abf15adbd9e1dcfd607e3b2c5b9d10d09;2021;473506.065;50667.06
719be77d544c78248ed775aa5d8bb1151a6183ff35015d5a123deb4e849dc5c7;2022;259223.295;25301.49
719be77d544c78248ed775aa5d8bb1151a6183ff35015d5a123deb4e849dc5c7;2021;260674.8075;26712.51
261e7698ac0ed1bcc42b495c14348db83fdb698e924d16dc92273910479fb282;2022;3579740.7675;358009.6275
261e7698ac0ed1bcc42b495c14348db83fdb698e924d16dc92273910479fb282;2021;3733812.0;376617.8325
a467d2cb1c184c0a871aeef33455a61daa855233fd4a2b102a6b5acbebae4d5a;2022;661552.6275;66499.2525
a467d2cb1c184c0a871aeef33455a61daa855233fd4a2b102a6b5acbebae4d5a;2021;604877.565;112821.45749999999
7a9d80e4e2dfd3b504299cfc251823bab434efd6a81ff0d67b7fb805a9c71aff;2021;3.63425067525E7;6467185.109999999
40733f05df1c2b6e8cbe0a27dd918ec7fb0ef831c37aaaed90bcc2de521e12e3;2021;3782271.42;492526.305
86bb5ba0b4dcb6cdb3fa4735d0768c6876cdb5750fda5fefbdccf9ed9e91119f;2022;373860.84750000003;24913.14
86bb5ba0b4dcb6cdb3fa4735d0768c6876cdb5750fda5fefbdccf9ed9e91119f;2021;371645.16;36886.402500000004
6c65392df906255b7c79c1b887802bc922f818200db8c76ec53c1a76f5143b47;2022;1049676.51;102927.5475
6c65392df906255b7c79c1b887802bc922f818200db8c76ec53c1a76f5143b47;2021;1054320.105;193868.7
0f074171fb28ccc58f8761a2dce884108d92c1db5023767bae698f2b307a1791;2022;2187.33;219.0075
0f074171fb28ccc58f8761a2dce884108d92c1db5023767bae698f2b307a1791;2021;2253.9225;227.535
8ee9dce4510479f9e153df273e778e86ee30b54a2fcd4e5f9473ecfc4bed2dd2;2021;7877463.6675;871153.0425
587aaac9eb899ca0f9f757f1f1250096afb88fa96934fc7e2be14790f2a3a1c8;2022;2143159.455;330514.845
587aaac9eb899ca0f9f757f1f1250096afb88fa96934fc7e2be14790f2a3a1c8;2021;3259045.0949999997;638045.4975
d4600a68a18eb94eb7becb7598a1d3f6f36eada58881fc6eb8249ad82186f047;2022;1451467.125;144215.8575
d4600a68a18eb94eb7becb7598a1d3f6f36eada58881fc6eb8249ad82186f047;2021;1430404.5975000001;120561.975
43261d5727c06339359c5f0aace80318821cac1141a039987b63b6a1a64bdd36;2022;1.483785669E7;712268.8875
43261d5727c06339359c5f0aace80318821cac1141a039987b63b6a1a64bdd36;2021;1.565503275E7;1601743.74
0dd25a9acdbefa7af129a692af0ab2b06fdcaa48a9d43228d347c2f25f94657f;2021;1152335.55;128513.42249999999
233d1fd377d0f2d62aa0cc0a9901149077bc4083d4e41c7b2f95b42a662db321;2022;245801.505;25594.77
233d1fd377d0f2d62aa0cc0a9901149077bc4083d4e41c7b2f95b42a662db321;2021;264748.2975;21924.42
37956109bf722b8417155c01783625e441550c09e0fc1d91dd6bf983453ace35;2022;2407201.5225;210408.6825
37956109bf722b8417155c01783625e441550c09e0fc1d91dd6bf983453ace35;2021;2900591.7;298950.555
c738b8801ff6ef293c2e53f07c90d9b5e856c928b90fa42cbd92daed72471946;2022;3350962.1775;336958.7475
af4ed271e23ce820f6cd9b9a0e13134abe96dfab6443359ac34ba3623ac792d4;2021;117314.4825;9715.335
ac2eef062ad563468b9982ffdfbac49dcecd59cced7886cf7ecd3c2bf1b90e63;2021;223518.09;22700.1
a918523961b65a5c1b939176a5108eba08834a7e4e9924d4e6fe6793fbdc3f6b;2022;59042.2575;5975.085
a918523961b65a5c1b939176a5108eba08834a7e4e9924d4e6fe6793fbdc3f6b;2021;61995.72;10688.805
8945ccff89f9a7e70b6cf653b0245b9f1576dd6712dda62651bb4d87e35ed6bc;2022;1040245.8225;100850.8275
8945ccff89f9a7e70b6cf653b0245b9f1576dd6712dda62651bb4d87e35ed6bc;2021;1048396.5975;192666.735
4520aa1a004ba952de7ade3e3dad44cf0d66659ed34d8f30dd5c444bf780d7d6;2021;2380626.3375;196811.1075
862fac48a58dcd2c50f52aa80824cc1457694fc1e521799915755c670a3f7239;2021;1101344.6325;360855.5475
2418473f0123dfe994ad32065830f2f2b47806638d03dc96ee0ed4b0008bb9ed;2022;1618790.1375;160209.0
2dd7bca402c55d23997f8b33f2cf08be6172cbcc8a39a7cb480a006093edcb2a;2021;1134311.4375;117720.7275
491bb00e057e3c45bf3d4a3575a8e66f1e5ba48f51115a07c83b77ecfb77e10d;2021;951924.2775;95370.0
b323ecbccb09fb95e36ce0dec2da4699548bdfcdfcff6cc1fa678bf5db3112fb;2022;272863.56;28023.2325
bac2ea73eff76151887853ea0513bcceba99078c5efc7e96d31ae9a3880dd2ed;2021;5.69881417125E7;4170636.3525
43df7b0fa6398254398f33e6a90df697687ade401dbd8329d879f07469268a98;2022;237867.225;22827.93
43df7b0fa6398254398f33e6a90df697687ade401dbd8329d879f07469268a98;2021;235389.5925;18999.54
ef808b6ad3c2e31fdf3da46626f836bb043edc47fa8ee44b9787af75103a1638;2022;1.09607772225E7;1069760.205
ef808b6ad3c2e31fdf3da46626f836bb043edc47fa8ee44b9787af75103a1638;2021;1.01549879175E7;1124113.6875
a200243480bba58b5829832c266f8d9657994468d5a9bf4513a43789b4cd3422;2022;1.091884941E7;1100550.72
a200243480bba58b5829832c266f8d9657994468d5a9bf4513a43789b4cd3422;2021;1.12552487925E7;2112767.4000000004
2dc699dff82c5e83df79c190ce2df315dad356af45994d7e77d973312a096155;2022;3861542.3325;388532.85
2dc699dff82c5e83df79c190ce2df315dad356af45994d7e77d973312a096155;2021;3568119.48;257794.02
a88f77fbb1b9bc0c9f4c8a2d650e240c818fba02c7cf37151af6b594c7b519a3;2022;1.2517139115E7;1254096.12
d446baaa624ef831ac08a15737b46cbf343e06d7c8c18d93773eecf427b8fb2d;2021;292872.6825;28576.5
95dac48a0805f6259bff79560b3327bc9e5e2ce979fe9eb52c960658e6503832;2021;577018.0650000001;75213.345
e19f4ac89e3b7361d1d5a8b1826c41c283adb926818cfeeed3e9138ce72531cd;2022;1202312.1225;114672.9225
7db6becc21dc8fd7912d1caa7edb8f2ada9fa794c3e9ba4f5a36b2e605df2151;2021;126382.65000000001;12105.8775
13e8029d70913f8483aa06a67dc0a7c8bc8f0810938e8c2fe459f8b78a537d7f;2022;634610.16;53223.8925
13e8029d70913f8483aa06a67dc0a7c8bc8f0810938e8c2fe459f8b78a537d7f;2021;664151.82;65875.32
6e75e41386adae166aa3a3c374e883e355591a2f1830438569b3610c70f7a968;2021;73935.2175;6998.625
6e63340d51a92f6f6688f3ffec18a3df14f0976232b975ece415669674b2baaa;2022;217232.28;12054.2025
6e63340d51a92f6f6688f3ffec18a3df14f0976232b975ece415669674b2baaa;2021;206722.57499999998;12406.3725
5a00f68837f506cea0835772f7dfbd6bcd7de607b6fb580bb4932cc2aa37f793;2021;3549998.8425000003;340585.44
732b9ab1a0914c5cc3e1c105d33328a31c36242be6af1ee0ce099f5f75b92ca7;2022;1717571.2275;173053.5675
732b9ab1a0914c5cc3e1c105d33328a31c36242be6af1ee0ce099f5f75b92ca7;2021;1777496.355;326359.23
eab10c13caa04595d0bd18b33ca786aee1650e4639ad4df72924f6156d7a91ae;2021;3748802.49;318226.0425
04e2efb50d949b55b419f86fd5aa38c6ab1ad239c0a45b999497d03a4a2b2dfb;2021;1615923.285;163130.205
c545e8d6e41ea7e0dd07532d1f1cb4c12e9778140fa1a60065b8a9b04e5b63c8;2022;425483.52749999997;43382.025
c545e8d6e41ea7e0dd07532d1f1cb4c12e9778140fa1a60065b8a9b04e5b63c8;2021;404118.2925;40930.5
10211c51e0abcf515c64a8aaeab418cc2064a17b27f812c7292b0fb67335acb3;2021;1158724.68;174133.725
02b86ffdcb29acfa21d048e795c652ca778fe05422b6c90a95e3ad2f1020d933;2021;1367051.145;137771.295
659b322adda32e456e051f1d89aadb893f21ee7822701e5e0cc872d833c6da96;2021;70889.01;7243.0125
9982344b22000dcfc97cdc33c3c0039d286be0a47ffbbac10a49778b73a0d071;2021;756779.0925;136644.8475
cbcc61b6ae9e0146d085c552b1ad80e82716279ce0b975d55fa883667d0ce7a8;2022;3263995.62;319634.58
955ea904d2c0dce593d3b5bff11ff99fc9dd25d69aee1b234c31acb060c7a299;2022;1.072276764E7;694697.2125000001
955ea904d2c0dce593d3b5bff11ff99fc9dd25d69aee1b234c31acb060c7a299;2021;1.090057977E7;829881.8775
